{
  "topic_distribution": {
    "labels": [
      "Topic 1",
      "Topic 2",
      "Topic 3",
      "Topic 4",
      "Topic 5"
    ],
    "data": [
      0.3227815627572133,
      0.2505394949525258,
      0.16863760076694168,
      0.143950148280903,
      0.11409119324241628
    ]
  },
  "topics_words": [
    {
      "topic_id": 0,
      "words": [
        "item",
        "product",
        "search",
        "work",
        "use",
        "update",
        "review",
        "make",
        "look",
        "rufus"
      ],
      "probabilities": [
        0.023753153160214424,
        0.01856050454080105,
        0.01813654974102974,
        0.017656637355685234,
        0.01470920816063881,
        0.01317723747342825,
        0.012846999801695347,
        0.012670023366808891,
        0.010729128494858742,
        0.010624345391988754
      ]
    },
    {
      "topic_id": 1,
      "words": [
        "order",
        "amazon",
        "item",
        "day",
        "time",
        "delivery",
        "package",
        "deliver",
        "say",
        "get"
      ],
      "probabilities": [
        0.04046012461185455,
        0.03155824914574623,
        0.022633347660303116,
        0.018867893144488335,
        0.018633367493748665,
        0.018208090215921402,
        0.016851920634508133,
        0.014883221127092838,
        0.013510650023818016,
        0.012516528367996216
      ]
    },
    {
      "topic_id": 2,
      "words": [
        "amazon",
        "account",
        "use",
        "cant",
        "try",
        "phone",
        "order",
        "dont",
        "make",
        "keep"
      ],
      "probabilities": [
        0.030015429481863976,
        0.022914690896868706,
        0.019983341917395592,
        0.01806681416928768,
        0.015783853828907013,
        0.010207735002040863,
        0.00937779899686575,
        0.009074815548956394,
        0.008781787008047104,
        0.008733915165066719
      ]
    },
    {
      "topic_id": 3,
      "words": [
        "amazon",
        "prime",
        "bad",
        "product",
        "price",
        "customer_service",
        "service",
        "delivery",
        "well",
        "use"
      ],
      "probabilities": [
        0.060410983860492706,
        0.020129278302192688,
        0.020021408796310425,
        0.016952376812696457,
        0.016930297017097473,
        0.016500122845172882,
        0.016276376321911812,
        0.014687660150229931,
        0.011961949057877064,
        0.011249753646552563
      ]
    },
    {
      "topic_id": 4,
      "words": [
        "good",
        "amazon",
        "great",
        "love",
        "easy",
        "always",
        "shopping",
        "shop",
        "best",
        "need"
      ],
      "probabilities": [
        0.0964772030711174,
        0.08369604498147964,
        0.07729184627532959,
        0.07128479331731796,
        0.034123875200748444,
        0.02683914080262184,
        0.025833139196038246,
        0.022625237703323364,
        0.01713842712342739,
        0.017073100432753563
      ]
    }
  ],
  "topic_coherence": {
    "labels": [
      "Topic 1",
      "Topic 2",
      "Topic 3",
      "Topic 4",
      "Topic 5"
    ],
    "data": [
      0.6486152397703857,
      0.7751056100875202,
      0.6702081874852366,
      0.6003833945562709,
      0.4560199442444885
    ]
  },
  "doc_topic_matrix": [
    [
      0.0004988534271177887,
      0.5827950576733661,
      0.25727074197258887,
      0.1589364934998094,
      0.0004988534271177887
    ],
    [
      0.009525132800072956,
      0.9618994687997082,
      0.009525132800072956,
      0.009525132800072956,
      0.009525132800072956
    ],
    [
      0.0008299485246531463,
      0.9966802059013874,
      0.0008299485246531463,
      0.0008299485246531463,
      0.0008299485246531463
    ],
    [
      0.000995198537866712,
      0.3925550441035483,
      0.000995198537866712,
      0.11293715696108185,
      0.4925174018596364
    ],
    [
      0.34685429147331365,
      0.003279405339131523,
      0.003279405339131523,
      0.003279405339131523,
      0.6433074925092918
    ],
    [
      0.0011052683923321047,
      0.30612990894484376,
      0.0011052683923321047,
      0.24864611544867612,
      0.4430134388218159
    ],
    [
      0.0003697660300615296,
      0.3022223722976121,
      0.6966683296122033,
      0.0003697660300615296,
      0.0003697660300615296
    ],
    [
      0.0019803934011325152,
      0.0019803934011325152,
      0.0019803934011325152,
      0.23906425825587144,
      0.754994561540731
    ],
    [
      0.06959175915886903,
      0.16231865836510254,
      0.6036708226870969,
      0.16414856562436603,
      0.0002701941645654283
    ],
    [
      0.00487828848246904,
      0.00487828848246904,
      0.00487828848246904,
      0.9804868460701238,
      0.00487828848246904
    ],
    [
      0.710615031757288,
      0.003279103166190573,
      0.003279103166190573,
      0.2795476587441402,
      0.003279103166190573
    ],
    [
      0.0003566354376243877,
      0.787765166486352,
      0.21116492720077493,
      0.0003566354376243877,
      0.0003566354376243877
    ],
    [
      0.7650474230432321,
      0.00041587996679389767,
      0.23370493705638617,
      0.00041587996679389767,
      0.00041587996679389767
    ],
    [
      0.0032787595745794058,
      0.9868849617016824,
      0.0032787595745794058,
      0.0032787595745794058,
      0.0032787595745794058
    ],
    [
      0.009523824185486841,
      0.009523824185486841,
      0.009523824185486841,
      0.009523824185486841,
      0.9619047032580527
    ],
    [
      0.04123394191265106,
      0.2941857874393463,
      0.2732800841331482,
      0.3501313030719757,
      0.04116888344287872
    ],
    [
      0.0032788139286979738,
      0.0032788139286979738,
      0.0032788139286979738,
      0.0032788139286979738,
      0.9868847442852081
    ],
    [
      0.001980491578229383,
      0.001980491578229383,
      0.5584298738923912,
      0.001980491578229383,
      0.43562865137292067
    ],
    [
      0.002469191005175515,
      0.002469191005175515,
      0.990123235979298,
      0.002469191005175515,
      0.002469191005175515
    ],
    [
      0.009523825648994552,
      0.009523825648994552,
      0.009523825648994552,
      0.009523825648994552,
      0.9619046974040217
    ],
    [
      0.9868841299939695,
      0.003278967501507648,
      0.003278967501507648,
      0.003278967501507648,
      0.003278967501507648
    ],
    [
      0.001105829029094589,
      0.001105829029094589,
      0.2479523279115922,
      0.7487301850011241,
      0.001105829029094589
    ],
    [
      0.2801524793967283,
      0.0011050829573865308,
      0.0011050829573865308,
      0.3002552790188395,
      0.41738207566965907
    ],
    [
      0.009535129687109753,
      0.009535129687109753,
      0.961859481251561,
      0.009535129687109753,
      0.009535129687109753
    ],
    [
      0.45722104060514146,
      0.19169310370710926,
      0.1914292488576143,
      0.15915774589434536,
      0.0004988609357895634
    ],
    [
      0.004878113777714775,
      0.004878113777714775,
      0.9804875448891409,
      0.004878113777714775,
      0.004878113777714775
    ],
    [
      0.4970895929822572,
      0.00247337831309361,
      0.2482677839054379,
      0.00247337831309361,
      0.2496958664861177
    ],
    [
      0.9868846278332457,
      0.0032788430416885715,
      0.0032788430416885715,
      0.0032788430416885715,
      0.0032788430416885715
    ],
    [
      0.009524935501630027,
      0.009524935501630027,
      0.009524935501630027,
      0.9619002579934799,
      0.009524935501630027
    ],
    [
      0.0014192461967468262,
      0.0014192461967468262,
      0.9943230152130127,
      0.0014192461967468262,
      0.0014192461967468262
    ],
    [
      0.2040275019237201,
      0.001980294223117833,
      0.001980294223117833,
      0.3980284298013243,
      0.39398347982871995
    ],
    [
      0.009523915951804266,
      0.009523915951804266,
      0.009523915951804266,
      0.9619043361927829,
      0.009523915951804266
    ],
    [
      0.6486247967468602,
      0.3464156788483187,
      0.0016531748016070196,
      0.0016531748016070196,
      0.0016531748016070196
    ],
    [
      0.0012423765622943045,
      0.48695956545529157,
      0.5093133048578256,
      0.0012423765622943045,
      0.0012423765622943045
    ],
    [
      0.28477430118193703,
      0.0024706835197277274,
      0.0024706835197277274,
      0.4609589838253787,
      0.24932534795322878
    ],
    [
      0.36803417277136247,
      0.0004989699479836222,
      0.30189724301726134,
      0.0004989699479836222,
      0.32907064431540894
    ],
    [
      0.0003565806314571563,
      0.9985736774741714,
      0.0003565806314571563,
      0.0003565806314571563,
      0.0003565806314571563
    ],
    [
      0.0016530073041927924,
      0.9933879707832288,
      0.0016530073041927924,
      0.0016530073041927924,
      0.0016530073041927924
    ],
    [
      0.961904199066633,
      0.009523950233341747,
      0.009523950233341747,
      0.009523950233341747,
      0.009523950233341747
    ],
    [
      0.27913432721951426,
      0.16156977072757456,
      0.0008304820918538909,
      0.5576349378692035,
      0.0008304820918538909
    ],
    [
      0.0016529367132166377,
      0.0016529367132166377,
      0.9933882531471334,
      0.0016529367132166377,
      0.0016529367132166377
    ],
    [
      0.009523905529859497,
      0.009523905529859497,
      0.009523905529859497,
      0.961904377880562,
      0.009523905529859497
    ],
    [
      0.0014188563357088635,
      0.9943245746571645,
      0.0014188563357088635,
      0.0014188563357088635,
      0.0014188563357088635
    ],
    [
      0.0009051980661507246,
      0.0009051980661507246,
      0.41585747375752485,
      0.581426932044023,
      0.0009051980661507246
    ],
    [
      0.00952382328964333,
      0.00952382328964333,
      0.00952382328964333,
      0.00952382328964333,
      0.9619047068414267
    ],
    [
      0.009524636582576747,
      0.961901453669693,
      0.009524636582576747,
      0.009524636582576747,
      0.009524636582576747
    ],
    [
      0.0048781766215539885,
      0.0048781766215539885,
      0.0048781766215539885,
      0.49267124627181075,
      0.49269422386352724
    ],
    [
      0.002469302837471366,
      0.002469302837471366,
      0.002469302837471366,
      0.002469302837471366,
      0.9901227886501145
    ],
    [
      0.0009950541453297831,
      0.9960197834186809,
      0.0009950541453297831,
      0.0009950541453297831,
      0.0009950541453297831
    ],
    [
      0.0005250809656803307,
      0.7645209091037396,
      0.23390384799921937,
      0.0005250809656803307,
      0.0005250809656803307
    ]
  ]
}