{
  "topic_distribution": {
    "labels": [
      "Topic 1",
      "Topic 2",
      "Topic 3",
      "Topic 4",
      "Topic 5",
      "Topic 6",
      "Topic 7",
      "Topic 8",
      "Topic 9"
    ],
    "data": [
      0.25437133363540143,
      0.1576527278145916,
      0.11814722029903177,
      0.10229952450546818,
      0.0888665567627184,
      0.08374619172547479,
      0.07727645336202085,
      0.06386306981291884,
      0.0537769220823741
    ]
  },
  "topics_words": [
    {
      "topic_id": 0,
      "words": [
        "music",
        "best",
        "ever",
        "song",
        "super",
        "perfect",
        "enjoy",
        "stream",
        "experience",
        "spotify"
      ],
      "probabilities": [
        0.20298750698566437,
        0.19646193087100983,
        0.05401856079697609,
        0.039382852613925934,
        0.030107488855719566,
        0.023579509928822517,
        0.022626763209700584,
        0.0181424580514431,
        0.01744706556200981,
        0.017199762165546417
      ]
    },
    {
      "topic_id": 1,
      "words": [
        "good",
        "nice",
        "music",
        "excellent",
        "quality",
        "experience",
        "listening",
        "track",
        "aap",
        "que"
      ],
      "probabilities": [
        0.45002004504203796,
        0.13835933804512024,
        0.05735378712415695,
        0.04863014072179794,
        0.020504551008343697,
        0.018018290400505066,
        0.017109263688325882,
        0.016022013500332832,
        0.01541990414261818,
        0.013605616986751556
      ]
    },
    {
      "topic_id": 2,
      "words": [
        "love",
        "spotify",
        "music",
        "listen",
        "great",
        "thank",
        "favorite",
        "find",
        "much",
        "always"
      ],
      "probabilities": [
        0.18341781198978424,
        0.0936303436756134,
        0.09277421981096268,
        0.03856131061911583,
        0.02523103728890419,
        0.016237786039710045,
        0.014156973920762539,
        0.013711732812225819,
        0.013368712738156319,
        0.011896980926394463
      ]
    },
    {
      "topic_id": 3,
      "words": [
        "work",
        "playlist",
        "spotify",
        "song",
        "try",
        "play",
        "problem",
        "amaze",
        "show",
        "keep"
      ],
      "probabilities": [
        0.03487182408571243,
        0.029563089832663536,
        0.02306373417377472,
        0.02265680581331253,
        0.020052431151270866,
        0.017690736800432205,
        0.016619114205241203,
        0.016506247222423553,
        0.01612151600420475,
        0.015941806137561798
      ]
    },
    {
      "topic_id": 4,
      "words": [
        "ad",
        "much",
        "song",
        "music",
        "every",
        "minute",
        "listen",
        "premium",
        "get",
        "add"
      ],
      "probabilities": [
        0.15959157049655914,
        0.05427054315805435,
        0.031135009601712227,
        0.03091643750667572,
        0.021708212792873383,
        0.019099021330475807,
        0.018425241112709045,
        0.0172316562384367,
        0.014884634874761105,
        0.013793764635920525
      ]
    },
    {
      "topic_id": 5,
      "words": [
        "song",
        "play",
        "listen",
        "playlist",
        "want",
        "cant",
        "music",
        "premium",
        "even",
        "dont"
      ],
      "probabilities": [
        0.13329485058784485,
        0.06284448504447937,
        0.045010436326265335,
        0.030829964205622673,
        0.030694859102368355,
        0.027814339846372604,
        0.020420998334884644,
        0.018808146938681602,
        0.01626373641192913,
        0.014451283030211926
      ]
    },
    {
      "topic_id": 6,
      "words": [
        "premium",
        "great",
        "bad",
        "spotify",
        "pay",
        "use",
        "awesome",
        "experience",
        "free",
        "money"
      ],
      "probabilities": [
        0.07505885511636734,
        0.06962382793426514,
        0.05264163017272949,
        0.040601588785648346,
        0.037572987377643585,
        0.0345204621553421,
        0.0299405287951231,
        0.029061323031783104,
        0.02149285562336445,
        0.017583182081580162
      ]
    },
    {
      "topic_id": 7,
      "words": [
        "add",
        "well",
        "many",
        "annoy",
        "feature",
        "dont",
        "make",
        "option",
        "please",
        "premium"
      ],
      "probabilities": [
        0.06367281824350357,
        0.038210391998291016,
        0.025815993547439575,
        0.023046962916851044,
        0.021776774898171425,
        0.02104487642645836,
        0.02066940814256668,
        0.02050178498029709,
        0.01986698806285858,
        0.01969010941684246
      ]
    },
    {
      "topic_id": 8,
      "words": [
        "podcasts",
        "use",
        "podcast",
        "new",
        "spotify",
        "update",
        "change",
        "back",
        "make",
        "find"
      ],
      "probabilities": [
        0.029275400564074516,
        0.02513708919286728,
        0.022749636322259903,
        0.022745514288544655,
        0.0227116197347641,
        0.018591362982988358,
        0.017861178144812584,
        0.014427090995013714,
        0.011934664100408554,
        0.011475631967186928
      ]
    }
  ],
  "topic_coherence": {
    "labels": [
      "Topic 1",
      "Topic 2",
      "Topic 3",
      "Topic 4",
      "Topic 5",
      "Topic 6",
      "Topic 7",
      "Topic 8",
      "Topic 9"
    ],
    "data": [
      0.45684103736106135,
      0.35231688705927405,
      0.5813729702229382,
      0.6699344777163384,
      0.7030216497515982,
      0.7932725359358026,
      0.5358512961640489,
      0.706882048038152,
      0.7803008005326795
    ]
  },
  "doc_topic_matrix": [
    [
      0.31688564676401676,
      0.11114720136095507,
      0.0011007849707649767,
      0.0011007849707649767,
      0.11869282148315809,
      0.3313114607612772,
      0.11755972974753297,
      0.0011007849707649767,
      0.0011007849707649767
    ],
    [
      0.0005852032137882674,
      0.0005852032137882674,
      0.0005852032137882674,
      0.0005852032137882674,
      0.49404555816990897,
      0.15946088286308538,
      0.0005852032137882674,
      0.13359273355602158,
      0.20997480934204274
    ],
    [
      0.0016420568084897838,
      0.0016420568084897838,
      0.4972575159276991,
      0.0016420568084897838,
      0.0016420568084897838,
      0.0016420568084897838,
      0.0016420568084897838,
      0.49124808641287243,
      0.0016420568084897838
    ],
    [
      0.00917739993598163,
      0.00917739993598163,
      0.00917739993598163,
      0.00917739993598163,
      0.00917739993598163,
      0.00917739993598163,
      0.00917739993598163,
      0.00917739993598163,
      0.926580800512147
    ],
    [
      0.16470475828491943,
      0.0002626396070350068,
      0.0002626396070350068,
      0.1626689914037013,
      0.03157212276635102,
      0.17572583614106935,
      0.03181251575418023,
      0.05942451701730792,
      0.37356597941840075
    ],
    [
      0.9266054655570477,
      0.009174316805369044,
      0.009174316805369044,
      0.009174316805369044,
      0.009174316805369044,
      0.009174316805369044,
      0.009174316805369044,
      0.009174316805369044,
      0.009174316805369044
    ],
    [
      0.009174320257243523,
      0.9266054379420519,
      0.009174320257243523,
      0.009174320257243523,
      0.009174320257243523,
      0.009174320257243523,
      0.009174320257243523,
      0.009174320257243523,
      0.009174320257243523
    ],
    [
      0.0016421150150075583,
      0.33006147887341153,
      0.6584437160215356,
      0.0016421150150075583,
      0.0016421150150075583,
      0.0016421150150075583,
      0.0016421150150075583,
      0.0016421150150075583,
      0.0016421150150075583
    ],
    [
      0.00026264427166213476,
      0.00026264427166213476,
      0.00026264427166213476,
      0.06673651532975983,
      0.16342482479680873,
      0.5209792539599526,
      0.11003412390708697,
      0.10070730886191659,
      0.03733004032948889
    ],
    [
      0.009174313669631293,
      0.9266054906429496,
      0.009174313669631293,
      0.009174313669631293,
      0.009174313669631293,
      0.009174313669631293,
      0.009174313669631293,
      0.009174313669631293,
      0.009174313669631293
    ],
    [
      0.0047847550656467345,
      0.483259094217443,
      0.0047847550656467345,
      0.0047847550656467345,
      0.0047847550656467345,
      0.0047847550656467345,
      0.0047847550656467345,
      0.48324762032302987,
      0.0047847550656467345
    ],
    [
      0.009174317668337683,
      0.009174317668337683,
      0.9266054586532986,
      0.009174317668337683,
      0.009174317668337683,
      0.009174317668337683,
      0.009174317668337683,
      0.009174317668337683,
      0.009174317668337683
    ],
    [
      0.9266052064272109,
      0.009174349196598644,
      0.009174349196598644,
      0.009174349196598644,
      0.009174349196598644,
      0.009174349196598644,
      0.009174349196598644,
      0.009174349196598644,
      0.009174349196598644
    ],
    [
      0.0005852558771103706,
      0.0005852558771103706,
      0.16496420575888196,
      0.0005852558771103706,
      0.32585756312605935,
      0.0005852558771103706,
      0.3074088817383157,
      0.0005852558771103706,
      0.19884306999119114
    ],
    [
      0.00039861534610374544,
      0.10226304085253075,
      0.00039861534610374544,
      0.00039861534610374544,
      0.0581751838394179,
      0.17714565994417594,
      0.00039861534610374544,
      0.11518458278328,
      0.5456370711961804
    ],
    [
      0.0032362569934269152,
      0.9741099440525847,
      0.0032362569934269152,
      0.0032362569934269152,
      0.0032362569934269152,
      0.0032362569934269152,
      0.0032362569934269152,
      0.0032362569934269152,
      0.0032362569934269152
    ],
    [
      0.009174422839440106,
      0.009174422839440106,
      0.009174422839440106,
      0.009174422839440106,
      0.009174422839440106,
      0.009174422839440106,
      0.009174422839440106,
      0.009174422839440106,
      0.9266046172844792
    ],
    [
      0.0024453387106072324,
      0.0024453387106072324,
      0.0024453387106072324,
      0.0024453387106072324,
      0.49150775878930764,
      0.0024453387106072324,
      0.4913748702364418,
      0.0024453387106072324,
      0.0024453387106072324
    ],
    [
      0.009174320257243523,
      0.9266054379420519,
      0.009174320257243523,
      0.009174320257243523,
      0.009174320257243523,
      0.009174320257243523,
      0.009174320257243523,
      0.009174320257243523,
      0.009174320257243523
    ],
    [
      0.19822109171903537,
      0.00047424602527368733,
      0.00047424602527368733,
      0.17851363506405546,
      0.00047424602527368733,
      0.00047424602527368733,
      0.13835899829420087,
      0.4825350447963399,
      0.00047424602527368733
    ],
    [
      0.0002625942539882432,
      0.0002625942539882432,
      0.3049246920869048,
      0.2006457566768367,
      0.0002625942539882432,
      0.35537072480417453,
      0.13774585516214274,
      0.0002625942539882432,
      0.0002625942539882432
    ],
    [
      0.0006216014959637611,
      0.0006216014959637611,
      0.18728633636921954,
      0.0006216014959637611,
      0.0006216014959637611,
      0.4321085561907756,
      0.0006216014959637611,
      0.2066300243397072,
      0.17086707562047884
    ],
    [
      0.009174577575707422,
      0.009174577575707422,
      0.009174577575707422,
      0.009174577575707422,
      0.009174577575707422,
      0.009174577575707422,
      0.009174577575707422,
      0.9266033793943407,
      0.009174577575707422
    ],
    [
      0.009174627456991989,
      0.009174627456991989,
      0.009174627456991989,
      0.009174627456991989,
      0.009174627456991989,
      0.009174627456991989,
      0.9266029803440641,
      0.009174627456991989,
      0.009174627456991989
    ],
    [
      0.009184505201298937,
      0.009184505201298937,
      0.009184505201298937,
      0.9265239583896085,
      0.009184505201298937,
      0.009184505201298937,
      0.009184505201298937,
      0.009184505201298937,
      0.009184505201298937
    ],
    [
      0.009174313669631293,
      0.9266054906429496,
      0.009174313669631293,
      0.009174313669631293,
      0.009174313669631293,
      0.009174313669631293,
      0.009174313669631293,
      0.009174313669631293,
      0.009174313669631293
    ],
    [
      0.004784904692188507,
      0.004784904692188507,
      0.004784904692188507,
      0.004784904692188507,
      0.004784904692188507,
      0.48325989672745995,
      0.4832457704272205,
      0.004784904692188507,
      0.004784904692188507
    ],
    [
      0.004784785625501504,
      0.004784785625501504,
      0.004784785625501504,
      0.48325353343280436,
      0.004784785625501504,
      0.004784785625501504,
      0.4832529671886851,
      0.004784785625501504,
      0.004784785625501504
    ],
    [
      0.009174313669631293,
      0.9266054906429496,
      0.009174313669631293,
      0.009174313669631293,
      0.009174313669631293,
      0.009174313669631293,
      0.009174313669631293,
      0.009174313669631293,
      0.009174313669631293
    ],
    [
      0.00027717406284089805,
      0.00027717406284089805,
      0.03164376412023744,
      0.1609160947698038,
      0.00027717406284089805,
      0.8057770967329133,
      0.00027717406284089805,
      0.00027717406284089805,
      0.00027717406284089805
    ],
    [
      0.009174313669631293,
      0.9266054906429496,
      0.009174313669631293,
      0.009174313669631293,
      0.009174313669631293,
      0.009174313669631293,
      0.009174313669631293,
      0.009174313669631293,
      0.009174313669631293
    ],
    [
      0.00055285725760672,
      0.06754245901195607,
      0.11788321241029417,
      0.00055285725760672,
      0.09981855080748381,
      0.00055285725760672,
      0.2193140985531592,
      0.00055285725760672,
      0.4932302501866799
    ],
    [
      0.0016424202709075803,
      0.0016424202709075803,
      0.0016424202709075803,
      0.0016424202709075803,
      0.0016424202709075803,
      0.16587821471785655,
      0.0016424202709075803,
      0.0016424202709075803,
      0.8226248433857903
    ],
    [
      0.009174317668337683,
      0.009174317668337683,
      0.9266054586532986,
      0.009174317668337683,
      0.009174317668337683,
      0.009174317668337683,
      0.009174317668337683,
      0.009174317668337683,
      0.009174317668337683
    ],
    [
      0.009174419703698452,
      0.009174419703698452,
      0.009174419703698452,
      0.009174419703698452,
      0.009174419703698452,
      0.9266046423704124,
      0.009174419703698452,
      0.009174419703698452,
      0.009174419703698452
    ],
    [
      0.001410604644725272,
      0.001410604644725272,
      0.001410604644725272,
      0.001410604644725272,
      0.001410604644725272,
      0.7862702423049298,
      0.20385552518199324,
      0.001410604644725272,
      0.001410604644725272
    ],
    [
      0.0032368201602585443,
      0.0032368201602585443,
      0.0032368201602585443,
      0.0032368201602585443,
      0.6504035466389045,
      0.0032368201602585443,
      0.32693871223928567,
      0.0032368201602585443,
      0.0032368201602585443
    ],
    [
      0.009174320257243523,
      0.9266054379420519,
      0.009174320257243523,
      0.009174320257243523,
      0.009174320257243523,
      0.009174320257243523,
      0.009174320257243523,
      0.009174320257243523,
      0.009174320257243523
    ],
    [
      0.9265965568496495,
      0.00917543039379382,
      0.00917543039379382,
      0.00917543039379382,
      0.00917543039379382,
      0.00917543039379382,
      0.00917543039379382,
      0.00917543039379382,
      0.00917543039379382
    ],
    [
      0.0011001894971785278,
      0.0011001894971785278,
      0.0011001894971785278,
      0.0011001894971785278,
      0.26664515820683377,
      0.7256535153129166,
      0.0011001894971785278,
      0.0011001894971785278,
      0.0011001894971785278
    ],
    [
      0.004784712496627681,
      0.004784712496627681,
      0.9617223000269786,
      0.004784712496627681,
      0.004784712496627681,
      0.004784712496627681,
      0.004784712496627681,
      0.004784712496627681,
      0.004784712496627681
    ],
    [
      0.0024451301672252517,
      0.4914546060937209,
      0.0024451301672252517,
      0.0024451301672252517,
      0.0024451301672252517,
      0.0024451301672252517,
      0.0024451301672252517,
      0.49142948273570236,
      0.0024451301672252517
    ],
    [
      0.0019650486552093174,
      0.0019650486552093174,
      0.0019650486552093174,
      0.20559925622570097,
      0.0019650486552093174,
      0.0019650486552093174,
      0.0019650486552093174,
      0.7806454031878338,
      0.0019650486552093174
    ],
    [
      0.48335776588301876,
      0.004786740141872375,
      0.004786740141872375,
      0.4831350531238746,
      0.004786740141872375,
      0.004786740141872375,
      0.004786740141872375,
      0.004786740141872375,
      0.004786740141872375
    ],
    [
      0.009174317668337683,
      0.009174317668337683,
      0.9266054586532986,
      0.009174317668337683,
      0.009174317668337683,
      0.009174317668337683,
      0.009174317668337683,
      0.009174317668337683,
      0.009174317668337683
    ],
    [
      0.009174421113504395,
      0.009174421113504395,
      0.009174421113504395,
      0.009174421113504395,
      0.009174421113504395,
      0.9266046310919649,
      0.009174421113504395,
      0.009174421113504395,
      0.009174421113504395
    ],
    [
      0.9617224156535712,
      0.004784698043303601,
      0.004784698043303601,
      0.004784698043303601,
      0.004784698043303601,
      0.004784698043303601,
      0.004784698043303601,
      0.004784698043303601,
      0.004784698043303601
    ],
    [
      0.0032362786647608106,
      0.0032362786647608106,
      0.0032362786647608106,
      0.0032362786647608106,
      0.0032362786647608106,
      0.9741097706819135,
      0.0032362786647608106,
      0.0032362786647608106,
      0.0032362786647608106
    ],
    [
      0.05546328908992998,
      0.0005239822308212686,
      0.0005239822308212686,
      0.12606109931162898,
      0.0005239822308212686,
      0.30075574523419935,
      0.2429328609472667,
      0.2726910764936899,
      0.0005239822308212686
    ],
    [
      0.0012364040159860146,
      0.12487539209979955,
      0.28896810588562305,
      0.1991827119894816,
      0.0012364040159860146,
      0.3807917699451658,
      0.0012364040159860146,
      0.0012364040159860146,
      0.0012364040159860146
    ]
  ]
}